%YAML:1.0
objWidth: 2.0319999694824219e+02
objHeight: 1.3969999694824219e+02
corners: [ 7.61999969e+01, 7.61999969e+01, 2.79399994e+02,
    7.61999969e+01, 2.79399994e+02, 2.15899994e+02, 7.61999969e+01,
    2.15899994e+02 ]
intrinsics: !!opencv-matrix
   rows: 3
   cols: 3
   dt: d
   data: [ 8.6957000000000005e+02, 0., 2.9974799999999999e+02, 0.,
       8.6752800000000002e+02, 2.3728399999999999e+02, 0., 0., 1. ]
extrinsics: !!opencv-matrix
   rows: 3
   cols: 4
   dt: d
   data: [ 6.1232339957367660e-17, 1., 0., 0., 1.,
       -6.1232339957367660e-17, 1.2246467991473532e-16, 0.,
       1.2246467991473532e-16, -7.4987989133092880e-33, -1., 595. ]
distCoeffs: !!opencv-matrix
   rows: 5
   cols: 1
   dt: d
   data: [ -2.2541499999999999e-02, -2.5961800000000002e-01,
       3.2073599999999998e-03, -5.5168899999999996e-04, 0. ]
scale: 1.
