%YAML:1.0
objWidth: 220.
objHeight: 240.
corners: [ 197, 18, 698, 18, 703, 582, 182, 573 ]
intrinsics: !!opencv-matrix
   rows: 3
   cols: 3
   dt: d
   data: [ 8.8168472999999994e+02, 0., 3.9814819999999997e+02, 0.,
       8.8403796000000000e+02, 2.8957924000000003e+02, 0., 0., 1. ]
extrinsics: !!opencv-matrix
   rows: 3
   cols: 4
   dt: d
   data: [ 6.1232339957367660e-17, -1., 1.2246467991473532e-16, 0., -1.,
       -6.1232339957367660e-17, 7.4987989133092880e-33, 0., 0.,
       -1.2246467991473532e-16, -1., 400. ]
distCoeffs: !!opencv-matrix
   rows: 5
   cols: 1
   dt: d
   data: [ 9.0260000000000007e-02, -1.3131000000000001e-01,
       7.6000000000000004e-04, 8.9999999999999998e-04, 0. ]
